Numero di nodi:48
1) 0, 0
2) 25, 1
3) 26, 1
4) 27, 2
5) 28, 2
6) 29, 2
7) 30, 2
8) 1, 2
9) 23, 2
10) 24, 2
11) 10, 2
12) 6, 2
13) 7, 2
14) 8, 2
15) 9, 2
16) 31, 2
17) 32, 2
18) 39, 2
19) 34, 1
20) 35, 1
21) 5, 1
22) 6, 2
23) 17, 1
24) 7, 2
25) 18, 1
26) 19, 1
27) 9, 2
28) 8, 2
29) 29, 2
30) 36, 1
31) 31, 2
32) 37, 1
33) 32, 2
34) 28, 2
35) 38, 1
36) 39, 2
37) 2, 1
38) 3, 1
39) 4, 1
40) 11, 1
41) 12, 1
42) 13, 1
43) 14, 1
44) 20, 1
45) 21, 1
46) 22, 1
47) 33, 1
48) 41, 1
Numero di transizioni:76
1) 0, 0 -> t2a-> 25, 1
2) 25, 1 -> t1a-> 26, 1
3) 26, 1 -> t2b-> 27, 2
4) 27, 2 -> t3a-> 28, 2
5) 28, 2 -> t1b-> 29, 2
6) 29, 2 -> t1a-> 30, 2
7) 30, 2 -> t3b-> 1, 2
8) 1, 2 -> t3a-> 23, 2
9) 23, 2 -> t1b-> 24, 2
10) 24, 2 -> t1c-> 10, 2
11) 30, 2 -> t3c-> 10, 2
12) 29, 2 -> t1c-> 6, 2
13) 6, 2 -> t3b-> 7, 2
14) 7, 2 -> t3a-> 8, 2
15) 8, 2 -> t1b-> 9, 2
16) 9, 2 -> t1a-> 10, 2
17) 29, 2 -> t3b-> 31, 2
18) 31, 2 -> t1a-> 1, 2
19) 31, 2 -> t1c-> 7, 2
20) 31, 2 -> t3a-> 32, 2
21) 32, 2 -> t1a-> 23, 2
22) 32, 2 -> t1c-> 8, 2
23) 29, 2 -> t3c-> 9, 2
24) 28, 2 -> t3b-> 39, 2
25) 39, 2 -> t1b-> 31, 2
26) 28, 2 -> t3c-> 8, 2
27) 26, 1 -> t3a-> 34, 1
28) 34, 1 -> t1b-> 35, 1
29) 35, 1 -> t1c-> 5, 1
30) 5, 1 -> t2b-> 6, 2
31) 5, 1 -> t3b-> 17, 1
32) 17, 1 -> t2b-> 7, 2
33) 17, 1 -> t3a-> 18, 1
34) 18, 1 -> t1b-> 19, 1
35) 19, 1 -> t2b-> 9, 2
36) 18, 1 -> t2b-> 8, 2
37) 35, 1 -> t2b-> 29, 2
38) 35, 1 -> t3b-> 36, 1
39) 36, 1 -> t1c-> 17, 1
40) 36, 1 -> t2b-> 31, 2
41) 36, 1 -> t3a-> 37, 1
42) 37, 1 -> t1c-> 18, 1
43) 37, 1 -> t2b-> 32, 2
44) 35, 1 -> t3c-> 19, 1
45) 34, 1 -> t2b-> 28, 2
46) 34, 1 -> t3b-> 38, 1
47) 38, 1 -> t1b-> 36, 1
48) 38, 1 -> t2b-> 39, 2
49) 34, 1 -> t3c-> 18, 1
50) 25, 1 -> t1c-> 2, 1
51) 2, 1 -> t3a-> 3, 1
52) 3, 1 -> t1b-> 4, 1
53) 4, 1 -> t1a-> 5, 1
54) 4, 1 -> t1c-> 11, 1
55) 11, 1 -> t3b-> 12, 1
56) 12, 1 -> t3a-> 13, 1
57) 13, 1 -> t1b-> 14, 1
58) 14, 1 -> t1c-> 17, 1
59) 11, 1 -> t3c-> 17, 1
60) 4, 1 -> t3b-> 20, 1
61) 20, 1 -> t1a-> 17, 1
62) 20, 1 -> t1c-> 12, 1
63) 20, 1 -> t3a-> 21, 1
64) 21, 1 -> t1a-> 18, 1
65) 21, 1 -> t1c-> 13, 1
66) 4, 1 -> t3c-> 14, 1
67) 3, 1 -> t3b-> 22, 1
68) 22, 1 -> t1b-> 20, 1
69) 3, 1 -> t3c-> 13, 1
70) 25, 1 -> t3a-> 33, 1
71) 33, 1 -> t1a-> 34, 1
72) 33, 1 -> t1c-> 3, 1
73) 33, 1 -> t3b-> 41, 1
74) 41, 1 -> t1a-> 38, 1
75) 41, 1 -> t1c-> 22, 1
76) 33, 1 -> t3c-> 21, 1
