Numero di nodi:51
1) 0, 0
2) 25, 1
3) 26, 1
4) 27, 2
5) 28, 2
6) 29, 2
7) 30, 2
8) 1, 2
9) 23, 2
10) 24, 2
11) 10, 2
12) 6, 2
13) 7, 2
14) 8, 2
15) 9, 2
16) 16, 2
17) 31, 2
18) 32, 2
19) 39, 2
20) 34, 1
21) 35, 1
22) 5, 1
23) 6, 2
24) 17, 1
25) 7, 2
26) 18, 1
27) 19, 1
28) 15, 1
29) 16, 2
30) 9, 2
31) 8, 2
32) 29, 2
33) 36, 1
34) 31, 2
35) 37, 1
36) 32, 2
37) 28, 2
38) 38, 1
39) 39, 2
40) 2, 1
41) 3, 1
42) 4, 1
43) 11, 1
44) 12, 1
45) 13, 1
46) 14, 1
47) 20, 1
48) 21, 1
49) 22, 1
50) 33, 1
51) 41, 1
Numero di transizioni:82
1) 0, 0 -> t2a-> 25, 1
2) 25, 1 -> t1a-> 26, 1
3) 26, 1 -> t2b-> 27, 2
4) 27, 2 -> t3a-> 28, 2
5) 28, 2 -> t1b-> 29, 2
6) 29, 2 -> t1a-> 30, 2
7) 30, 2 -> t3b-> 1, 2
8) 1, 2 -> t3a-> 23, 2
9) 23, 2 -> t1b-> 24, 2
10) 24, 2 -> t1c-> 10, 2
11) 30, 2 -> t3c-> 10, 2
12) 29, 2 -> t1c-> 6, 2
13) 6, 2 -> t3b-> 7, 2
14) 7, 2 -> t3a-> 8, 2
15) 8, 2 -> t1b-> 9, 2
16) 9, 2 -> t1a-> 10, 2
17) 9, 2 -> t1c-> 16, 2
18) 6, 2 -> t3c-> 16, 2
19) 29, 2 -> t3b-> 31, 2
20) 31, 2 -> t1a-> 1, 2
21) 31, 2 -> t1c-> 7, 2
22) 31, 2 -> t3a-> 32, 2
23) 32, 2 -> t1a-> 23, 2
24) 32, 2 -> t1c-> 8, 2
25) 29, 2 -> t3c-> 9, 2
26) 28, 2 -> t3b-> 39, 2
27) 39, 2 -> t1b-> 31, 2
28) 28, 2 -> t3c-> 8, 2
29) 26, 1 -> t3a-> 34, 1
30) 34, 1 -> t1b-> 35, 1
31) 35, 1 -> t1c-> 5, 1
32) 5, 1 -> t2b-> 6, 2
33) 5, 1 -> t3b-> 17, 1
34) 17, 1 -> t2b-> 7, 2
35) 17, 1 -> t3a-> 18, 1
36) 18, 1 -> t1b-> 19, 1
37) 19, 1 -> t1c-> 15, 1
38) 15, 1 -> t2b-> 16, 2
39) 19, 1 -> t2b-> 9, 2
40) 18, 1 -> t2b-> 8, 2
41) 5, 1 -> t3c-> 15, 1
42) 35, 1 -> t2b-> 29, 2
43) 35, 1 -> t3b-> 36, 1
44) 36, 1 -> t1c-> 17, 1
45) 36, 1 -> t2b-> 31, 2
46) 36, 1 -> t3a-> 37, 1
47) 37, 1 -> t1c-> 18, 1
48) 37, 1 -> t2b-> 32, 2
49) 35, 1 -> t3c-> 19, 1
50) 34, 1 -> t2b-> 28, 2
51) 34, 1 -> t3b-> 38, 1
52) 38, 1 -> t1b-> 36, 1
53) 38, 1 -> t2b-> 39, 2
54) 34, 1 -> t3c-> 18, 1
55) 25, 1 -> t1c-> 2, 1
56) 2, 1 -> t3a-> 3, 1
57) 3, 1 -> t1b-> 4, 1
58) 4, 1 -> t1a-> 5, 1
59) 4, 1 -> t1c-> 11, 1
60) 11, 1 -> t3b-> 12, 1
61) 12, 1 -> t3a-> 13, 1
62) 13, 1 -> t1b-> 14, 1
63) 14, 1 -> t1a-> 15, 1
64) 14, 1 -> t1c-> 17, 1
65) 11, 1 -> t3c-> 17, 1
66) 4, 1 -> t3b-> 20, 1
67) 20, 1 -> t1a-> 17, 1
68) 20, 1 -> t1c-> 12, 1
69) 20, 1 -> t3a-> 21, 1
70) 21, 1 -> t1a-> 18, 1
71) 21, 1 -> t1c-> 13, 1
72) 4, 1 -> t3c-> 14, 1
73) 3, 1 -> t3b-> 22, 1
74) 22, 1 -> t1b-> 20, 1
75) 3, 1 -> t3c-> 13, 1
76) 25, 1 -> t3a-> 33, 1
77) 33, 1 -> t1a-> 34, 1
78) 33, 1 -> t1c-> 3, 1
79) 33, 1 -> t3b-> 41, 1
80) 41, 1 -> t1a-> 38, 1
81) 41, 1 -> t1c-> 22, 1
82) 33, 1 -> t3c-> 21, 1
